Rx:66-21:29:42.740-83 02
Tx:67-21:29:42.771-01 03 00 1F 00 14 74 03
Rx:68-21:29:43.848-83 02
Tx:69-21:29:43.879-01 03 00 1F 00 14 74 03
Rx:70-21:29:44.956-83 02
Tx:71-21:29:44.988-01 03 00 1F 00 14 74 03
Rx:72-21:29:46.079-83 02
Tx:73-21:29:46.110-01 03 00 1F 00 14 74 03
Rx:74-21:29:47.188-83 02
Tx:75-21:29:47.220-01 03 00 1F 00 14 74 03
Rx:76-21:29:48.298-83 02
Tx:77-21:29:48.342-01 03 00 1F 00 14 74 03
Rx:78-21:29:49.407-83 02
Tx:79-21:29:49.438-01 03 00 1F 00 14 74 03
Rx:80-21:29:50.516-83 02
Tx:81-21:29:50.547-01 03 00 1F 00 14 74 03
Rx:82-21:29:51.640-83 02
Tx:83-21:29:51.685-01 03 00 1F 00 14 74 03
Rx:84-21:29:52.748-83 02
Tx:85-21:29:52.779-01 03 00 1F 00 14 74 03
Rx:86-21:29:53.859-83 02
Tx:87-21:29:53.889-01 03 00 1F 00 14 74 03
Rx:88-21:29:54.969-83 02
Tx:89-21:29:55.000-01 03 00 1F 00 14 74 03
Rx:90-21:29:56.083-83 02
Tx:91-21:29:56.113-01 03 00 1F 00 14 74 03
Rx:92-21:29:57.193-83 02
Tx:93-21:29:57.222-01 03 00 1F 00 14 74 03
Rx:94-21:29:58.298-83 02
Tx:95-21:29:58.337-01 03 00 1F 00 14 74 03
Rx:96-21:29:59.409-83 02
Tx:97-21:29:59.440-01 03 00 1F 00 14 74 03
Rx:98-21:30:00.517-83 02
Tx:99-21:30:00.548-01 03 00 1F 00 14 74 03
Rx:100-21:30:01.627-83 02
Tx:101-21:30:01.658-01 03 00 1F 00 14 74 03
Rx:102-21:30:02.736-83 02
Tx:103-21:30:02.766-01 03 00 1F 00 14 74 03
Rx:104-21:30:03.843-83 02
Tx:105-21:30:03.874-01 03 00 1F 00 14 74 03
Rx:106-21:30:04.951-83 02
Tx:107-21:30:04.983-01 03 00 1F 00 14 74 03
Rx:108-21:30:06.058-83 02
Tx:109-21:30:06.090-01 03 00 1F 00 14 74 03
Rx:110-21:30:07.182-83 02
Tx:111-21:30:07.214-01 03 00 1F 00 14 74 03
Rx:112-21:30:08.291-83 02
Tx:113-21:30:08.322-01 03 00 1F 00 14 74 03
Rx:114-21:30:09.399-83 02
Tx:115-21:30:09.430-01 03 00 1F 00 14 74 03
Rx:116-21:30:10.506-83 02
Tx:117-21:30:10.550-01 03 00 1F 00 14 74 03
Rx:118-21:30:11.616-83 02
Tx:119-21:30:11.647-01 03 00 1F 00 14 74 03
Rx:120-21:30:12.724-83 02
Tx:121-21:30:12.755-01 03 00 1F 00 14 74 03
Rx:122-21:30:13.831-83 02
Tx:123-21:30:13.862-01 03 00 1F 00 14 74 03
Rx:124-21:30:14.955-83 02
Tx:125-21:30:14.986-01 03 00 1F 00 14 74 03
Rx:126-21:30:16.063-83 02
Tx:127-21:30:16.093-01 03 00 1F 00 14 74 03
Rx:128-21:30:17.170-83 02
Tx:129-21:30:17.202-01 03 00 1F 00 14 74 03
Rx:130-21:30:18.276-83 02
Tx:131-21:30:18.308-01 03 00 1F 00 14 74 03
Rx:132-21:30:19.387-83 02
Tx:133-21:30:19.419-01 03 00 1F 00 14 74 03
Rx:134-21:30:20.495-83 02
Tx:135-21:30:20.525-01 03 00 1F 00 14 74 03
Rx:136-21:30:21.604-83 02
Tx:137-21:30:21.637-01 03 00 1F 00 14 74 03
Rx:138-21:30:22.727-83 02
Tx:139-21:30:22.759-01 03 00 1F 00 14 74 03
Rx:140-21:30:23.834-83 02
Tx:141-21:30:23.865-01 03 00 1F 00 14 74 03
Rx:142-21:30:24.913-83 02
Tx:143-21:30:24.944-01 03 00 1F 00 14 74 03
Rx:144-21:30:25.993-83 02
Tx:145-21:30:26.024-01 03 00 1F 00 14 74 03
Rx:146-21:30:27.100-83 02
Tx:147-21:30:27.131-01 03 00 1F 00 14 74 03
Rx:148-21:30:28.208-83 02
Tx:149-21:30:28.240-01 03 00 1F 00 14 74 03
Rx:150-21:30:29.318-83 02
Tx:151-21:30:29.348-01 03 00 1F 00 14 74 03
Rx:152-21:30:30.425-83 02
Tx:153-21:30:30.457-01 03 00 1F 00 14 74 03
Rx:154-21:30:31.535-83 02
Tx:155-21:30:31.566-01 03 00 1F 00 14 74 03
Rx:156-21:30:32.646-83 02
Tx:157-21:30:32.677-01 03 00 1F 00 14 74 03
Rx:158-21:30:33.771-83 02
Tx:159-21:30:33.802-01 03 00 1F 00 14 74 03
Rx:160-21:30:34.892-83 02
Tx:161-21:30:34.924-01 03 00 1F 00 14 74 03
Rx:162-21:30:35.998-83 02
Tx:163-21:30:36.030-01 03 00 1F 00 14 74 03
Rx:164-21:30:37.125-83 02
Tx:165-21:30:37.157-01 03 00 1F 00 14 74 03
Rx:166-21:30:38.248-83 02
Tx:167-21:30:38.279-01 03 00 1F 00 14 74 03
Rx:168-21:30:39.357-83 02
Tx:169-21:30:39.389-01 03 00 1F 00 14 74 03
Rx:170-21:30:40.466-83 02
Tx:171-21:30:40.497-01 03 00 1F 00 14 74 03
Rx:172-21:30:41.587-83 02
Tx:173-21:30:41.619-01 03 00 1F 00 14 74 03
Rx:174-21:30:42.696-83 02
Tx:175-21:30:42.728-01 03 00 1F 00 14 74 03
Rx:176-21:30:43.805-83 02
Tx:177-21:30:43.836-01 03 00 1F 00 14 74 03
Rx:178-21:30:44.909-83 02
Tx:179-21:30:44.941-01 03 00 1F 00 14 74 03
Rx:180-21:30:46.018-83 02
Tx:181-21:30:46.049-01 03 00 1F 00 14 74 03
Rx:182-21:30:47.129-83 02
Tx:183-21:30:47.160-01 03 00 1F 00 14 74 03
Rx:184-21:30:48.239-83 02
Tx:185-21:30:48.270-01 03 00 1F 00 14 74 03
Rx:186-21:30:49.347-83 02
Tx:187-21:30:49.379-01 03 00 1F 00 14 74 03
Rx:188-21:30:50.456-83 02
Tx:189-21:30:50.488-01 03 00 1F 00 14 74 03
Rx:190-21:30:51.580-83 02
Tx:191-21:30:51.612-01 03 00 1F 00 14 74 03
Rx:192-21:30:52.704-83 02
Tx:193-21:30:52.735-01 03 00 1F 00 14 74 03
Rx:194-21:30:53.829-83 02
Tx:195-21:30:53.860-01 03 00 1F 00 14 74 03
Rx:196-21:30:54.938-83 02
Tx:197-21:30:54.970-01 03 00 1F 00 14 74 03
Rx:198-21:30:56.047-83 02
Tx:199-21:30:56.079-01 03 00 1F 00 14 74 03
Rx:200-21:30:57.172-83 02
Tx:201-21:30:57.204-01 03 00 1F 00 14 74 03
Rx:202-21:30:58.284-83 02
Tx:203-21:30:58.316-01 03 00 1F 00 14 74 03
Rx:204-21:30:59.410-83 02
Tx:205-21:30:59.441-01 03 00 1F 00 14 74 03
Rx:206-21:31:00.517-83 02
Tx:207-21:31:00.548-01 03 00 1F 00 14 74 03
Rx:208-21:31:01.627-83 02
Tx:209-21:31:01.658-01 03 00 1F 00 14 74 03
Rx:210-21:31:02.733-83 02
Tx:211-21:31:02.765-01 03 00 1F 00 14 74 03
Rx:212-21:31:03.841-83 02
Tx:213-21:31:03.873-01 03 00 1F 00 14 74 03
Rx:214-21:31:04.952-83 02
Tx:215-21:31:04.984-01 03 00 1F 00 14 74 03
Rx:216-21:31:06.060-83 02
Tx:217-21:31:06.091-01 03 00 1F 00 14 74 03
Rx:218-21:31:07.184-83 02
Tx:219-21:31:07.216-01 03 00 1F 00 14 74 03
Rx:220-21:31:08.294-83 02
Tx:221-21:31:08.324-01 03 00 1F 00 14 74 03
Rx:222-21:31:09.401-83 02
Tx:223-21:31:09.432-01 03 00 1F 00 14 74 03
Rx:224-21:31:10.510-83 02
Tx:225-21:31:10.541-01 03 00 1F 00 14 74 03
Rx:226-21:31:11.619-83 02
Tx:227-21:31:11.650-01 03 00 1F 00 14 74 03
Rx:228-21:31:12.726-83 02
Tx:229-21:31:12.757-01 03 00 1F 00 14 74 03
Rx:230-21:31:13.833-83 02
Tx:231-21:31:13.865-01 03 00 1F 00 14 74 03
Rx:232-21:31:14.943-83 02
Tx:233-21:31:14.973-01 03 00 1F 00 14 74 03
Rx:234-21:31:16.064-83 02
Tx:235-21:31:16.096-01 03 00 1F 00 14 74 03
Rx:236-21:31:17.190-83 02
Tx:237-21:31:17.222-01 03 00 1F 00 14 74 03
Rx:238-21:31:18.299-83 02
Tx:239-21:31:18.330-01 03 00 1F 00 14 74 03
Rx:240-21:31:19.408-83 02
Tx:241-21:31:19.438-01 03 00 1F 00 14 74 03
Rx:242-21:31:20.518-83 02
Tx:243-21:31:20.549-01 03 00 1F 00 14 74 03
Rx:244-21:31:21.640-83 02
Tx:245-21:31:21.671-01 03 00 1F 00 14 74 03
Rx:246-21:31:22.747-83 02
Tx:247-21:31:22.778-01 03 00 1F 00 14 74 03
Rx:248-21:31:23.871-83 02
Tx:249-21:31:23.903-01 03 00 1F 00 14 74 03
Rx:250-21:31:24.980-83 02
Tx:251-21:31:25.010-01 03 00 1F 00 14 74 03
Rx:252-21:31:26.085-83 02
Tx:253-21:31:26.117-01 03 00 1F 00 14 74 03
Rx:254-21:31:27.211-83 02
Tx:255-21:31:27.242-01 03 00 1F 00 14 74 03
Rx:256-21:31:28.322-83 02
Tx:257-21:31:28.352-01 03 00 1F 00 14 74 03
Rx:258-21:31:29.430-83 02
Tx:259-21:31:29.462-01 03 00 1F 00 14 74 03
Rx:260-21:31:30.554-83 02
Tx:261-21:31:30.585-01 03 00 1F 00 14 74 03
Rx:262-21:31:31.665-83 02
Tx:263-21:31:31.696-01 03 00 1F 00 14 74 03
Rx:264-21:31:32.774-83 02
Tx:265-21:31:32.805-01 03 00 1F 00 14 74 03
Rx:266-21:31:33.885-83 02
Tx:267-21:31:33.916-01 03 00 1F 00 14 74 03
Rx:268-21:31:34.993-83 02
Tx:269-21:31:35.025-01 03 00 1F 00 14 74 03
Rx:270-21:31:36.100-83 02
Tx:271-21:31:36.132-01 03 00 1F 00 14 74 03
Rx:272-21:31:37.222-83 02
Tx:273-21:31:37.254-01 03 00 1F 00 14 74 03
Rx:274-21:31:38.348-83 02
Tx:275-21:31:38.379-01 03 00 1F 00 14 74 03
Rx:276-21:31:39.471-83 02
Tx:277-21:31:39.503-01 03 00 1F 00 14 74 03
Rx:278-21:31:40.581-83 02
Tx:279-21:31:40.614-01 03 00 1F 00 14 74 03
Rx:280-21:31:41.662-83 02
Tx:281-21:31:41.693-01 03 00 1F 00 14 74 03
Rx:282-21:31:42.770-83 02
Tx:283-21:31:42.800-01 03 00 1F 00 14 74 03
Rx:284-21:31:43.877-83 02
Tx:285-21:31:43.908-01 03 00 1F 00 14 74 03
Rx:286-21:31:44.986-83 02
Tx:287-21:31:45.017-01 03 00 1F 00 14 74 03
Rx:288-21:31:46.094-83 02
Tx:289-21:31:46.125-01 03 00 1F 00 14 74 03
Rx:290-21:31:47.205-83 02
Tx:291-21:31:47.236-01 03 00 1F 00 14 74 03
Rx:292-21:31:48.328-83 02
Tx:293-21:31:48.360-01 03 00 1F 00 14 74 03
Rx:294-21:31:49.438-83 02
Tx:295-21:31:49.468-01 03 00 1F 00 14 74 03
Rx:296-21:31:50.546-83 02
Tx:297-21:31:50.578-01 03 00 1F 00 14 74 03
Rx:298-21:31:51.669-83 02
Tx:299-21:31:51.708-01 03 00 1F 00 14 74 03
Rx:300-21:31:52.777-83 02
Tx:301-21:31:52.808-01 03 00 1F 00 14 74 03
Rx:302-21:31:53.884-83 02
Tx:303-21:31:53.915-01 03 00 1F 00 14 74 03
Rx:304-21:31:54.995-83 02
Tx:305-21:31:55.026-01 03 00 1F 00 14 74 03
Rx:306-21:31:56.118-83 02
Tx:307-21:31:56.148-01 03 00 1F 00 14 74 03
Rx:308-21:31:57.241-83 02
Tx:309-21:31:57.273-01 03 00 1F 00 14 74 03
Rx:310-21:31:58.350-83 02
Tx:311-21:31:58.381-01 03 00 1F 00 14 74 03
Rx:312-21:31:59.459-83 02
Tx:313-21:31:59.489-01 03 00 1F 00 14 74 03
Rx:314-21:32:00.567-83 02
Tx:315-21:32:00.597-01 03 00 1F 00 14 74 03
